%(0;.175.064;.264,.119;0.683.183;.916.121;1;.916,-0.121;0.683,-0.183;.264,-.119;.175,-0.086)

M1=[cos(2*pi/3) -sin(2*pi/3);sin(2*pi/3) cos(2*pi/3) ]; %rotated points 2pi/3
M2=[cos(4*pi/3) -sin(4*pi/3); sin(4*pi/3) cos(4*pi/3)]; %rotated points 4pi/3
pts=[0,0;0.175,0.064;0.264,.119;0.683,.183;.916,0.121;1,0;.916,-0.121;0.683,-0.183;.264,-.119;0.175,-0.086];

%rotated points 2pi/3
% A1=(M1*pts')'
%          0         0
%    -0.1429    0.1196
%    -0.2351    0.1691
%    -0.5000    0.5000
%    -0.5628    0.7328
%    -0.5000    0.8660
%    -0.3532    0.8538
%    -0.1830    0.6830
%    -0.0289    0.2881
%    -0.0130    0.1946

%rotated points 4pi/3
% A2=(M2*pts')'
%          0         0
%    -0.0321   -0.1836
%    -0.0289   -0.2881
%    -0.1830   -0.6830
%    -0.3532   -0.8538
%    -0.5000   -0.8660
%    -0.5628   -0.7328
%    -0.5000   -0.5000
%    -0.2351   -0.1691
%    -0.1620   -0.1086

% get the z coordinates z=1-x+0.1y
% A3=[A1 1-A1(:,1)+0.1*A1(:,2)]
%          0         0    1.0000
%    -0.1429    0.1196    1.1549
%    -0.2351    0.1691    1.2520
%    -0.5000    0.5000    1.5500
%    -0.5628    0.7328    1.6361
%    -0.5000    0.8660    1.5866
%    -0.3532    0.8538    1.4386
%    -0.1830    0.6830    1.2513
%    -0.0289    0.2881    1.0578
%    -0.0130    0.1946    1.0325
% % A4=[A2 1-A2(:,1)+0.1*A2(:,2)]
% 0         0    1.0000
%    -0.0321   -0.1836    1.0137
%    -0.0289   -0.2881    1.0001
%    -0.1830   -0.6830    1.1147
%    -0.3532   -0.8538    1.2678
%    -0.5000   -0.8660    1.4134
%    -0.5628   -0.7328    1.4895
%    -0.5000   -0.5000    1.4500
%    -0.2351   -0.1691    1.2181
%    -0.1620   -0.1086    1.1511
   
% % A5=[pts 1-pts(:,1)+0.1*pts(:,2)]
% 0         0    1.0000
%     0.1750    0.0640    0.8314
%     0.2640    0.1190    0.7479
%     0.6830    0.1830    0.3353
%     0.9160    0.1210    0.0961
%     1.0000         0         0
%     0.9160   -0.1210    0.0719
%     0.6830   -0.1830    0.2987
%     0.2640   -0.1190    0.7241
%     0.1750   -0.0860    0.8164
